DRY RUN (no USB) — exact OUT reports `upload config.yaml` would transmit, 64 bytes each:
  grid 1x3, knobs 0, layers 1, keys 3, bytes 768, reports 12 (plus one 64-byte zero init on open)

--- report 0 ---
  0000  03 fe 01 01 02 00 00 00  00 00 00 b6 00 00 00 00 ................
0010  00 00 00 00 00 00 00 00  00 00 00 00 00 00 00 00 ................
0020  00 00 00 00 00 00 00 00  00 00 00 00 00 00 00 00 ................
0030  00 00 00 00 00 00 00 00  00 00 00 00 00 00 00 00 ................
--- report 1 ---
  0000  03 aa aa 00 00 00 00 00  00 00 00 00 00 00 00 00 ................
0010  00 00 00 00 00 00 00 00  00 00 00 00 00 00 00 00 ................
0020  00 00 00 00 00 00 00 00  00 00 00 00 00 00 00 00 ................
0030  00 00 00 00 00 00 00 00  00 00 00 00 00 00 00 00 ................
--- report 2 ---
  0000  03 fd fe ff 00 00 00 00  00 00 00 00 00 00 00 00 ................
0010  00 00 00 00 00 00 00 00  00 00 00 00 00 00 00 00 ................
0020  00 00 00 00 00 00 00 00  00 00 00 00 00 00 00 00 ................
0030  00 00 00 00 00 00 00 00  00 00 00 00 00 00 00 00 ................
--- report 3 ---
  0000  03 aa aa 00 00 00 00 00  00 00 00 00 00 00 00 00 ................
0010  00 00 00 00 00 00 00 00  00 00 00 00 00 00 00 00 ................
0020  00 00 00 00 00 00 00 00  00 00 00 00 00 00 00 00 ................
0030  00 00 00 00 00 00 00 00  00 00 00 00 00 00 00 00 ................
--- report 4 ---
  0000  03 fe 02 01 02 00 00 00  00 00 00 cd 00 00 00 00 ................
0010  00 00 00 00 00 00 00 00  00 00 00 00 00 00 00 00 ................
0020  00 00 00 00 00 00 00 00  00 00 00 00 00 00 00 00 ................
0030  00 00 00 00 00 00 00 00  00 00 00 00 00 00 00 00 ................
--- report 5 ---
  0000  03 aa aa 00 00 00 00 00  00 00 00 00 00 00 00 00 ................
0010  00 00 00 00 00 00 00 00  00 00 00 00 00 00 00 00 ................
0020  00 00 00 00 00 00 00 00  00 00 00 00 00 00 00 00 ................
0030  00 00 00 00 00 00 00 00  00 00 00 00 00 00 00 00 ................
--- report 6 ---
  0000  03 fd fe ff 00 00 00 00  00 00 00 00 00 00 00 00 ................
0010  00 00 00 00 00 00 00 00  00 00 00 00 00 00 00 00 ................
0020  00 00 00 00 00 00 00 00  00 00 00 00 00 00 00 00 ................
0030  00 00 00 00 00 00 00 00  00 00 00 00 00 00 00 00 ................
--- report 7 ---
  0000  03 aa aa 00 00 00 00 00  00 00 00 00 00 00 00 00 ................
0010  00 00 00 00 00 00 00 00  00 00 00 00 00 00 00 00 ................
0020  00 00 00 00 00 00 00 00  00 00 00 00 00 00 00 00 ................
0030  00 00 00 00 00 00 00 00  00 00 00 00 00 00 00 00 ................
--- report 8 ---
  0000  03 fe 03 01 02 00 00 00  00 00 00 b5 00 00 00 00 ................
0010  00 00 00 00 00 00 00 00  00 00 00 00 00 00 00 00 ................
0020  00 00 00 00 00 00 00 00  00 00 00 00 00 00 00 00 ................
0030  00 00 00 00 00 00 00 00  00 00 00 00 00 00 00 00 ................
--- report 9 ---
  0000  03 aa aa 00 00 00 00 00  00 00 00 00 00 00 00 00 ................
0010  00 00 00 00 00 00 00 00  00 00 00 00 00 00 00 00 ................
0020  00 00 00 00 00 00 00 00  00 00 00 00 00 00 00 00 ................
0030  00 00 00 00 00 00 00 00  00 00 00 00 00 00 00 00 ................
--- report 10 ---
  0000  03 fd fe ff 00 00 00 00  00 00 00 00 00 00 00 00 ................
0010  00 00 00 00 00 00 00 00  00 00 00 00 00 00 00 00 ................
0020  00 00 00 00 00 00 00 00  00 00 00 00 00 00 00 00 ................
0030  00 00 00 00 00 00 00 00  00 00 00 00 00 00 00 00 ................
--- report 11 ---
  0000  03 aa aa 00 00 00 00 00  00 00 00 00 00 00 00 00 ................
0010  00 00 00 00 00 00 00 00  00 00 00 00 00 00 00 00 ................
0020  00 00 00 00 00 00 00 00  00 00 00 00 00 00 00 00 ................
0030  00 00 00 00 00 00 00 00  00 00 00 00 00 00 00 00 ................
